0.29972315 0.03541447 0.59635526 0.97223294 0.86565709
0.29443786 0.03820851 0.57518297 1.00822890 0.82886040
0.29916468 0.03894608 0.59302175 0.99358726 0.85503358
0.30402151 0.03175908 0.52306557 1.03881073 0.85662472
0.30913532 0.04017013 0.55599582 1.00030434 0.82192731
0.30565852 0.04469394 0.62925816 0.96920478 0.87932462
0.30397215 0.03878105 0.59229022 0.98296750 0.85175717
0.29209790 0.03068533 0.50749946 1.07023191 0.84616768
0.31446433 0.04409362 0.66114342 0.91558897 0.84413487
0.29714710 0.03671679 0.63576615 0.94557977 0.85145879
0.31519419 0.04626890 0.67693639 0.90689361 0.84074098
0.31998202 0.04446467 0.65380210 0.91131127 0.82772082
0.30514359 0.04351609 0.68669802 0.91474867 0.84464532
0.30168507 0.03710302 0.61203718 0.96740830 0.87377524
0.31712759 0.03916369 0.67433792 0.88873494 0.84885573
0.31328711 0.03953303 0.61616480 0.94270045 0.83250064
0.31172943 0.04305453 0.62497789 0.94984639 0.85204101
0.30311665 0.04808901 0.72408283 0.90891898 0.81280154
0.29569954 0.05412442 0.72626132 0.94857079 0.82068247
0.32175180 0.05053694 0.75944054 0.85691857 0.83260876
0.30734372 0.04493551 0.61411917 0.98184645 0.81858271
0.30977890 0.05359796 0.81240791 0.84154564 0.81381917
0.31140900 0.03790693 0.61479497 0.93467259 0.83282304
0.30005449 0.03839704 0.58350712 1.00604999 0.82656872
0.31946671 0.04464015 0.66489077 0.90317762 0.82481676
0.31427583 0.04293265 0.60049021 0.97230113 0.80657053
0.31329370 0.03579935 0.55287206 0.99472857 0.78019118
0.30671215 0.04989487 0.82467425 0.82842749 0.81423831
0.32942036 0.05279731 0.73041433 0.86912733 0.81640941
0.31768516 0.04886295 0.67716390 0.90685773 0.84566015
0.30681947 0.03751953 0.59409058 0.97253108 0.81710106
0.31445286 0.04151126 0.61964995 0.96663952 0.84356099
0.30379617 0.04683538 0.66823888 0.94793361 0.82228941
0.30406067 0.04154783 0.66233826 0.94178659 0.79759020
0.31414011 0.04614938 0.67165846 0.92173123 0.85260874
0.29898733 0.04090875 0.61298829 0.99759293 0.82574123
0.31279323 0.04792301 0.69055235 0.92272365 0.81569892
0.31277341 0.04736875 0.63684946 0.96330935 0.86639124
0.31677374 0.05334726 0.79140604 0.85320681 0.83684355
0.32817560 0.04893920 0.71527237 0.86305118 0.83135986
0.30551749 0.04376341 0.67215294 0.92380059 0.83432126
0.30318281 0.05261610 0.88174963 0.81276119 0.82553101
0.29759103 0.04336074 0.67804521 0.94001919 0.86068362
0.31400198 0.04274122 0.64794624 0.93472946 0.82405907
0.28945071 0.05212372 0.76999235 0.92768663 0.84960729
0.29678908 0.03458051 0.56605780 1.02145791 0.85899466
0.29360554 0.03172442 0.53512466 1.05284524 0.83144534
0.30913866 0.05156609 0.70160663 0.91951370 0.77719080
0.31209600 0.04647236 0.65889126 0.93146014 0.77281952
0.31200886 0.04127479 0.62856865 0.93656391 0.77431613
