0.28932285 0.03928674 0.58793002 1.04342425 0.93390024
0.30509481 0.05260285 0.76881397 0.90744966 0.76357043
0.30642459 0.05116752 0.74482763 0.92239028 0.93729806
0.30598354 0.06732123 0.87540692 0.88510752 0.79067284
0.30619946 0.05165175 0.72836703 0.94042343 0.93877089
0.28465414 0.03748904 0.61125809 1.02775669 0.77445716
0.32853734 0.06203435 0.87303567 0.81880993 0.85528725
0.32060018 0.04839362 0.70607406 0.89509791 0.92099726
0.27290818 0.03586674 0.56439042 1.13882411 0.81361514
0.30540606 0.04122590 0.69157690 0.92651302 0.92695725
0.32724512 0.05727982 0.77306753 0.86705214 0.94360405
0.31714046 0.05108591 0.73490423 0.87477124 0.95046264
0.30219170 0.05205035 0.74567032 0.99289453 0.97925532
0.31247890 0.04757062 0.71574861 0.89082378 0.90447342
0.29402325 0.05179989 0.72152418 0.95494395 0.95203042
0.28317818 0.03832649 0.60267413 1.05129945 0.92189378
0.31782684 0.06286926 0.88718885 0.82736003 0.82418299
0.33306521 0.04521329 0.66821390 0.89642555 0.99600643
0.29362103 0.04065417 0.59902549 1.04792154 0.87924641
0.29914805 0.04185126 0.60112995 1.03148425 0.94071007
0.29824349 0.03916319 0.59853464 1.03143752 0.89641976
0.31230623 0.04595772 0.68342847 0.93928641 0.79857039
0.30009711 0.04626955 0.67732489 0.97694039 0.93967265
0.30281702 0.03919871 0.61725831 1.01978683 0.84030879
0.30012771 0.05309591 0.71933007 0.97013748 0.83016765
0.32132339 0.05401161 0.78811288 0.89376456 0.91427660
0.29953095 0.05698597 0.74978960 0.95696932 0.81991887
0.32012260 0.04566988 0.62972367 0.96332288 0.94722068
0.31993178 0.05002884 0.74611902 0.87152362 0.92238885
0.30529749 0.05023453 0.69997185 0.96638864 0.82268035
0.27859792 0.04704852 0.67707878 1.05407012 0.94202924
0.29852346 0.04610122 0.65274972 1.00123453 0.95078897
0.32085860 0.05439719 0.81746137 0.86623073 0.91436291
0.31448656 0.05579402 0.82221425 0.86765158 0.90913707
0.30897906 0.03687828 0.60521102 0.96734124 0.91338426
0.27505782 0.03670128 0.56731462 1.18447304 0.99483305
0.30771652 0.05091920 0.84310353 0.85877633 0.98138684
0.32086214 0.04966597 0.73201042 0.87025189 0.92569411
0.30640680 0.04845916 0.77198189 0.90986609 0.71434212
0.31885704 0.05329527 0.74471200 0.88537133 0.93593311
0.31119549 0.06000584 0.84970558 0.88520944 0.91240799
0.32706302 0.05270427 0.74484617 0.86905557 0.91555542
0.31775415 0.05601226 0.80620468 0.88685548 0.98330820
0.30158713 0.05558312 0.73930520 0.97466153 0.97829473
0.27464613 0.03614994 0.58041662 1.08609235 0.73833275
0.29750893 0.03586007 0.57675481 1.06027460 0.86508733
0.27970380 0.03629090 0.54837412 1.15857017 0.97126424
0.30596691 0.04362096 0.59070820 1.04270017 0.71280140
0.32992160 0.04399675 0.65692192 0.91287738 0.82285982
0.31331417 0.05331241 0.79277200 0.86031449 0.84607345
