0.27675214 0.06087762 0.80103314 1.00657928 0.72702891
0.28667587 0.06438865 0.80647767 1.01571190 0.83903348
0.29826128 0.06003127 0.73945498 0.99380291 0.76001418
0.27670872 0.06884170 0.80064249 1.03419960 0.70753324
0.28721008 0.04821378 0.63572979 1.02552176 0.74674994
0.29134357 0.04856814 0.62440348 1.06178784 0.74835837
0.29340559 0.06035429 0.72910798 1.00190520 0.77136254
0.28541660 0.04503233 0.62893587 1.04063475 0.77609593
0.28925928 0.05602067 0.68206257 1.02603304 0.76984280
0.29725754 0.05667123 0.66964722 1.00942218 0.69314826
0.27924520 0.05084693 0.61939484 1.08430755 0.77861488
0.30607384 0.06382248 0.81837249 0.93221819 0.74947715
0.27714795 0.04609121 0.56634867 1.11298239 0.68213844
0.32800832 0.06105687 0.81210923 0.84159958 0.68183368
0.29820734 0.04901345 0.60427833 1.05812085 0.80438656
0.28288579 0.05392755 0.62231672 1.09999216 0.81865859
0.29045823 0.05255372 0.71905369 0.96149701 0.72077650
0.27582949 0.04948111 0.63225406 1.09955144 0.79645330
0.28844270 0.05503631 0.73080999 0.99438578 0.79953384
0.30072021 0.06764337 0.84002960 0.91865528 0.71764046
0.29475787 0.05297923 0.68405610 1.02001631 0.77376461
0.28258589 0.05274764 0.68282771 1.00580001 0.71466959
0.29786751 0.06589658 0.78269434 0.97580510 0.74690568
0.28313857 0.04244839 0.58259207 1.07300889 0.76418418
0.28918588 0.05535994 0.62562090 1.07586133 0.78003472
0.28838465 0.06339586 0.75300241 1.03224754 0.79105306
0.30275989 0.06415081 0.77840072 0.93716550 0.69463342
0.28605530 0.06809600 0.79685855 1.03275418 0.81581807
0.28825495 0.04370315 0.58118188 1.06157482 0.72303849
0.29548335 0.05483468 0.68853897 1.00313342 0.81419557
0.29879156 0.06906509 0.84834468 0.93496519 0.76236057
0.28290546 0.05727346 0.76486152 1.01250446 0.82166719
0.28310955 0.05552996 0.70961297 1.02813888 0.73823893
0.29039380 0.04520540 0.64977044 1.00837350 0.72608209
0.29648787 0.06338184 0.74505049 0.99652517 0.77938336
0.29569846 0.05488655 0.72086227 0.97769028 0.74694556
0.28069583 0.04116175 0.57193732 1.05546808 0.74381709
0.30704558 0.04844869 0.68689334 0.94681287 0.70039684
0.30149856 0.05932021 0.78891444 0.91895735 0.82752401
0.27757999 0.05189757 0.59850007 1.12709475 0.76871961
0.26873428 0.05622272 0.64998221 1.16653943 0.94728917
0.29949802 0.06542403 0.81011629 0.92104411 0.66341853
0.28955072 0.06114673 0.74219400 1.01285183 0.81135195
0.30062020 0.05750507 0.74509799 0.96183556 0.72427827
0.24748853 0.03146946 0.50747555 1.19165456 0.77386993
0.28869647 0.06042621 0.74825853 0.98873878 0.73344809
0.27584162 0.05749136 0.77644783 0.99020988 0.75203031
0.33354425 0.04766504 0.63616556 0.91012001 0.66836387
0.31617472 0.04793444 0.64662355 0.96314049 0.80233508
0.29516935 0.05648018 0.78127939 0.94875550 0.71517122
0.27652317 0.05534474 0.72896403 1.02857602 0.73511392
0.30099788 0.06177065 0.74604970 0.98777109 0.74322391
0.30696875 0.06382020 0.86002600 0.83638233 0.75878316
0.30317223 0.05864483 0.78095168 0.95426023 0.79168987
0.30752850 0.06951352 0.89254779 0.91021413 0.80555636
0.30458423 0.05617470 0.78876704 0.89003670 0.75729597
0.29128227 0.06091065 0.88039815 0.88415766 0.73424876
0.31483412 0.06050878 0.78254247 0.92211461 0.80731302
0.29852515 0.05670508 0.68944848 1.00186372 0.71491253
0.34141114 0.05439284 0.70967162 0.85940450 0.67420745
0.31392139 0.04527319 0.58977026 1.01493025 0.79114038
0.29308742 0.04875853 0.62011588 1.04119074 0.81534028
0.31901792 0.06037047 0.75446552 0.94039643 0.74751318
0.30037466 0.04919076 0.68921214 0.94481736 0.78726685
0.28957531 0.04846058 0.58735967 1.10388291 0.78802145
0.29291627 0.04251602 0.59600556 1.03297997 0.74633551
0.31184685 0.06941345 0.85101867 0.91323280 0.77994984
0.33531442 0.05747644 0.74993724 0.86816931 0.77976024
0.30026445 0.05271457 0.69845265 0.95851743 0.80991149
0.32163137 0.05145400 0.70991814 0.89062345 0.77373445
0.31171402 0.05992209 0.73863924 0.94755101 0.76910633
0.28806958 0.04680296 0.62136936 1.01532328 0.70441049
0.29675168 0.04234955 0.55441815 1.08226335 0.76740152
0.27865875 0.03933500 0.58668697 1.09077597 0.71357185
0.33350423 0.05824307 0.69760138 0.90555459 0.76556224
0.29363468 0.03763252 0.52290273 1.09948599 0.77208495
0.31026453 0.05382432 0.67019498 0.93170184 0.77486038
0.31514233 0.06841953 0.84632653 0.91844165 0.80549991
0.30788982 0.04306333 0.63031584 0.88958091 0.70046300
0.32178277 0.04219004 0.71729285 0.87701881 0.73028654
0.27391002 0.06486482 0.60764349 1.19865191 0.79235429
0.30513713 0.05288957 0.78737527 0.84576368 0.67651677
0.31101727 0.03801847 0.59431005 0.93368876 0.70473278
0.28402326 0.06143761 0.62183326 1.04084063 0.78252625
0.33154067 0.03472157 0.56859517 0.91364682 0.70128369
0.28940696 0.04844623 0.70668995 1.02459896 0.78569061
0.28802955 0.05615541 0.70035845 0.98479700 0.76232362
0.29747766 0.04381624 0.70468503 0.95476228 0.72484672
0.33944589 0.06264764 0.65049404 1.00571513 0.85388607
0.32395485 0.05086449 0.63585520 0.96044940 0.71982354
0.28857893 0.04511701 0.62866497 1.02781737 0.78945786
0.28749228 0.06740821 0.87731558 0.95294112 0.82308495
0.27053094 0.03798579 0.58970886 1.11352706 0.79746419
0.31810576 0.03501521 0.73844635 0.82003546 0.69481272
0.30361909 0.06347793 0.69019061 1.02587664 0.78648412
0.31513464 0.05938600 0.78327918 0.89155459 0.79948014
0.32905859 0.04863289 0.85454845 0.80014139 0.73486245
0.31408709 0.05646950 0.73071271 0.90498686 0.73989260
0.33134058 0.06265547 0.62378323 1.03212404 0.77948666
0.33078876 0.04393242 0.52024376 1.07683766 0.77517629
