0.28097668 0.03820938 0.60478902 1.02860200 0.86815959
0.29935446 0.05884547 0.80130184 0.91548145 0.82989174
0.28898460 0.05969506 0.78662163 0.98862892 0.92982972
0.30385157 0.05601809 0.69603437 0.97185069 0.82943064
0.29378742 0.05999717 0.78246933 0.96775925 0.95931369
0.29744303 0.05287056 0.74954349 0.92221701 0.85552073
0.28143421 0.04341383 0.62747091 1.03420925 0.83523673
0.30653363 0.04513516 0.65536338 0.95454764 0.84316587
0.28581938 0.03262871 0.56928271 1.03438663 0.84599936
0.30794752 0.04803150 0.69131935 0.92734897 0.83420944
0.31115869 0.04602857 0.65265548 0.94660473 0.82476264
0.29306179 0.04120832 0.66444016 0.95739198 0.85334820
0.28745282 0.03902544 0.61772966 1.00854778 0.87252271
0.31133059 0.03076622 0.52471197 1.01974332 0.82114428
0.30491480 0.04312560 0.63423622 0.97430229 0.83294755
0.30710149 0.05795863 0.78582227 0.90742278 0.83202356
0.30324203 0.04379071 0.63305289 0.98898715 0.83926702
0.30846238 0.05330411 0.74465179 0.90427506 0.83974499
0.30891329 0.04768831 0.67712718 0.95186740 0.88911957
0.29842037 0.06070672 0.77570206 0.95564592 0.87173951
0.30442461 0.05052856 0.76055801 0.90124613 0.83245027
0.29754004 0.03417826 0.60724723 0.97817403 0.87895089
0.28644127 0.04351048 0.62791681 1.02562773 0.88340294
0.31362852 0.05877312 0.80715054 0.86856622 0.83451635
0.29373056 0.03743854 0.57624793 1.02801311 0.83405107
0.31041861 0.04812008 0.73755479 0.87846726 0.85037577
0.29899284 0.04568702 0.71097034 0.93189746 0.81966054
0.32683021 0.05352464 0.76957798 0.84204739 0.84676373
0.29607993 0.04103621 0.59574080 1.01409590 0.83755553
0.30368450 0.04959710 0.70631057 0.94222653 0.82600170
0.31352803 0.04940043 0.73422754 0.89525825 0.81431466
0.31120327 0.04309817 0.65253043 0.93816769 0.85086989
0.29552436 0.04509297 0.65555382 0.98594314 0.85183573
0.31853181 0.05435280 0.82007802 0.82788301 0.81301308
0.29984242 0.05000239 0.73357552 0.92516834 0.84648615
0.29940987 0.03445562 0.56639856 1.01298940 0.87464130
0.32286364 0.04362300 0.63211370 0.93655699 0.83946443
0.29765448 0.03602121 0.56485355 1.02472365 0.83760363
0.26876178 0.03696945 0.57003331 1.10406542 0.87937671
0.31444126 0.05612638 0.76286763 0.90106523 0.83653384
0.30355611 0.05287965 0.73091120 0.92776406 0.84295177
0.28785959 0.04514575 0.65970057 0.99142456 0.84698284
0.26879075 0.04430615 0.65669346 1.06652355 0.88960719
0.28534994 0.04769368 0.64580613 1.05059612 0.83891761
0.29092050 0.05595092 0.72136641 0.96922404 0.83850533
0.28920862 0.05569554 0.74099892 0.97664738 0.84273857
0.29337522 0.04858140 0.67462486 0.97480446 0.83892685
0.30692649 0.05904689 0.82289922 0.89344585 0.80445606
0.28574860 0.04088643 0.62240690 1.01621401 0.82390881
0.30221367 0.04233197 0.56813896 1.03920710 0.85553753
