0.30935791 0.04009788 0.61388272 0.95808882 0.85217130
0.31001499 0.05513160 0.76524973 0.89396858 0.82636505
0.31454957 0.05137640 0.72397339 0.90878052 0.84477687
0.30098391 0.04198632 0.60712254 1.00675392 0.83924675
0.31339365 0.05486846 0.67113394 0.95551807 0.81246114
0.31625590 0.05062474 0.70222187 0.91422725 0.85114920
0.31008667 0.05101158 0.67893988 0.95548522 0.82878232
0.30822474 0.05552144 0.83459049 0.85305697 0.82900596
0.30681911 0.04156746 0.63512301 0.95905864 0.85261971
0.31253979 0.04368686 0.73911339 0.87180316 0.83876550
0.33143654 0.05952896 0.79339814 0.83105701 0.85921419
0.31663948 0.05257512 0.77695179 0.86107880 0.85671937
0.30908585 0.05113944 0.72985911 0.91672397 0.89530879
0.29729179 0.03788457 0.57865220 1.01962864 0.84105092
0.31907517 0.04887073 0.74770570 0.86082643 0.83630878
0.30073911 0.05208316 0.76335084 0.90505379 0.85540557
0.31093130 0.06373769 0.88868898 0.82688224 0.82549334
0.33199266 0.04492969 0.68162769 0.87425762 0.86008811
0.31374034 0.04234824 0.63683283 0.93902075 0.83293909
0.30917102 0.04293508 0.62462819 0.97503918 0.86341012
0.31560549 0.04034974 0.64175451 0.92487550 0.83878523
0.30053189 0.05378210 0.79141635 0.88964379 0.83807766
0.31156480 0.04402694 0.67926836 0.91353154 0.83612341
0.29767352 0.03514560 0.57289207 1.02475083 0.86590040
0.30682462 0.05000347 0.73835564 0.91772604 0.90337151
0.28710952 0.03857571 0.61057043 1.04615521 0.87021232
0.31847218 0.05254117 0.80821371 0.82908189 0.86709797
0.30244881 0.03797258 0.55611444 1.01857114 0.84260356
0.32495871 0.04547335 0.66727138 0.91336811 0.82999885
0.31217846 0.05775477 0.84603930 0.85280097 0.87076408
0.30533740 0.04985855 0.70444739 0.94652337 0.87674856
0.30484712 0.04453100 0.66625994 0.94580537 0.84470958
0.32593262 0.04947638 0.76627344 0.84842008 0.85715133
0.30015084 0.03789065 0.64196748 0.95515615 0.85909730
0.32541764 0.05215034 0.82566893 0.80988461 0.83110011
0.30074015 0.04035584 0.64984232 0.94711584 0.82814991
0.30781573 0.03223224 0.54435509 1.00487602 0.87319332
0.31595600 0.04791451 0.80758500 0.82526571 0.87827373
0.30295298 0.05755893 0.81855857 0.87849104 0.84388781
0.33301038 0.05472399 0.76975888 0.84557056 0.85033971
0.29143158 0.03377783 0.59557450 0.99847388 0.86270154
0.30587560 0.05287424 0.75639951 0.89167708 0.87580413
0.30072656 0.04023121 0.60907072 1.00659788 0.86578518
0.31046438 0.05444805 0.76218402 0.90101624 0.85731131
0.29940835 0.04232157 0.66303056 0.93751919 0.84352863
0.31322116 0.04896994 0.71254009 0.89823329 0.83371425
0.31960982 0.05489781 0.79540312 0.85713065 0.81625330
0.31226340 0.05682911 0.82887125 0.86102653 0.82453978
0.30287337 0.04851072 0.72084248 0.91276783 0.84378344
0.31214267 0.05612442 0.79851049 0.86110640 0.83591121
