0.24075259 0.04359340 0.77654535 0.97780019 0.67581385
0.23583147 0.05063043 0.82877302 1.01067269 0.65707052
0.22980675 0.04733943 0.78212404 1.05275607 0.73559344
0.23480268 0.04859104 0.72750229 1.07658803 0.65654755
0.24116224 0.04760849 0.80266464 0.98205537 0.61751717
0.22143170 0.04125828 0.71488607 1.08594704 0.65502876
0.24600886 0.04348746 0.74166507 1.00445795 0.67178088
0.24444029 0.04410186 0.80513203 0.95755363 0.68584251
0.24639308 0.04515772 0.75590700 1.00022280 0.65130019
0.24037647 0.04156643 0.69820601 1.04955482 0.63392067
0.21370998 0.03082248 0.63018227 1.12796867 0.64252007
0.25330040 0.05333727 0.87451583 0.94030887 0.62140018
0.24627462 0.04817555 0.79332596 0.99497068 0.66996706
0.21450706 0.03366537 0.63754183 1.13187397 0.66788197
0.23487249 0.03872218 0.66394550 1.09263539 0.69362891
0.23103818 0.03434279 0.64026839 1.08016312 0.67005312
0.23093697 0.04275136 0.71374166 1.06359434 0.67594659
0.23555377 0.04869537 0.86459398 0.97947413 0.68769294
0.23293950 0.03022383 0.55481505 1.16797960 0.74033791
0.24168961 0.04490209 0.79962045 0.94890690 0.66055143
0.23788811 0.03918728 0.73982102 1.00883234 0.70981073
0.21628428 0.03081445 0.56232172 1.19580352 0.66357368
0.24076566 0.04939155 0.82957804 1.00189948 0.65567505
0.22448748 0.03156443 0.60661846 1.12287712 0.66875494
0.23410475 0.03968811 0.71876192 1.05412054 0.68448508
0.22534940 0.03616261 0.65779507 1.09748757 0.68175203
0.22516108 0.04860238 0.80603236 1.07650304 0.66974133
0.23689327 0.04788768 0.77072752 1.02730775 0.65690589
0.22235134 0.04169537 0.70333642 1.10688555 0.67989612
0.21922958 0.03788991 0.68006009 1.12381506 0.73410255
0.23660076 0.04590640 0.79225701 1.01914275 0.66819537
0.22365627 0.04550629 0.81174242 1.05250680 0.67343092
0.21606445 0.04530393 0.71668601 1.13772345 0.71128994
0.23985691 0.04786376 0.79540277 1.00837564 0.69991523
0.23132795 0.04279039 0.68990731 1.09455419 0.64130932
0.22453773 0.04680755 0.81807423 1.06844854 0.66796112
0.22197044 0.05030561 0.82400417 1.05106449 0.67193872
0.22024177 0.04790157 0.79474390 1.08256280 0.68331635
0.20812702 0.03427691 0.63508499 1.14817965 0.62151247
0.23880333 0.05302323 0.89869308 0.94945478 0.63938814
0.23371045 0.05161668 0.89534980 0.99551630 0.68948823
0.22783883 0.05056395 0.89319360 1.00783968 0.70074677
0.22499412 0.03276534 0.59241641 1.14044595 0.69483322
0.23770472 0.04786743 0.83733040 0.98392624 0.67147052
0.23731655 0.04432578 0.75492471 1.03488970 0.66895384
0.21357673 0.05011424 0.79333627 1.12918019 0.73651081
0.23035914 0.04566719 0.74181849 1.04084826 0.65632558
0.22142482 0.04976951 0.80699432 1.06819987 0.69780147
0.22427176 0.04702459 0.77880251 1.07276165 0.66873407
0.21398175 0.03081643 0.61660862 1.12942934 0.73459929
0.23833585 0.05304382 0.87318826 0.99582201 0.66811526
0.22742242 0.04521073 0.77483928 1.04208004 0.64464217
0.23675019 0.04936475 0.81764585 1.00135767 0.68553430
0.24567164 0.04513919 0.88245374 0.90860784 0.70834947
0.22759950 0.03530156 0.64566505 1.10467148 0.67995644
0.22543797 0.03485140 0.64829290 1.08824372 0.69092917
0.23563676 0.03927092 0.72441244 1.01366615 0.63390446
0.21674290 0.04158513 0.71600640 1.13312161 0.69513577
0.22182140 0.03977013 0.67506212 1.10466361 0.67709327
0.23008563 0.04016957 0.72485131 1.07122731 0.68669450
0.22478622 0.04467160 0.74144357 1.06102622 0.65230584
0.23127736 0.03714964 0.66855168 1.07770669 0.66828871
0.23667002 0.05193134 0.85638738 0.99748170 0.62932658
0.23416190 0.05122319 0.85492140 1.00144029 0.64390093
0.21510470 0.03475970 0.63973224 1.13990319 0.63946575
0.23172103 0.04820892 0.82685709 1.02389276 0.61533684
0.24368036 0.04443294 0.78578961 1.00156593 0.66047376
0.22611949 0.03909181 0.71465451 1.06460023 0.65469325
0.21894130 0.04416893 0.79005969 1.06658328 0.69690931
0.24360725 0.05205653 0.89591557 0.95015478 0.62309766
0.21727067 0.03135523 0.62035859 1.12329865 0.65498006
0.22032705 0.03113786 0.56275606 1.17731512 0.66559410
0.21921009 0.03857785 0.73039919 1.06784177 0.66144228
0.24815710 0.04398448 0.75642383 0.98980635 0.66501313
0.22078878 0.03962386 0.75148445 1.05418670 0.68071753
0.23331051 0.04992537 0.87084079 0.98407066 0.65820289
0.23913816 0.03766430 0.70023972 1.01210427 0.64438617
0.22608925 0.04382259 0.73682612 1.06729233 0.67837799
0.21488675 0.04027153 0.66483247 1.15560114 0.73547709
0.21319759 0.03449059 0.66560674 1.13936698 0.73104173
0.22271742 0.03902110 0.75095856 1.05649889 0.64991081
0.23333903 0.03934164 0.67596793 1.06868267 0.66220355
0.23622465 0.03772235 0.66595089 1.05757344 0.64466882
0.21543230 0.04995334 0.78022897 1.12834394 0.75358391
0.20757818 0.03189189 0.60983670 1.17257011 0.63673329
0.21874832 0.03638091 0.68030602 1.13051009 0.73827827
0.22971836 0.05274691 0.88550425 1.02560794 0.65176696
0.23698980 0.05194631 0.83303922 1.04422712 0.67091322
0.23900634 0.04601540 0.79248190 0.99368620 0.68049967
0.22230572 0.04516514 0.70172870 1.13755417 0.68722552
0.24595648 0.04815732 0.81990743 0.96975392 0.67039573
0.24584115 0.04523512 0.75320202 0.98972929 0.66170728
0.25387314 0.05141832 0.86677766 0.94800007 0.62719554
0.23309723 0.04757902 0.83470732 0.99591798 0.64008391
0.22444633 0.04273103 0.74526304 1.08566988 0.69725758
0.23294781 0.05069679 0.77444875 1.06080687 0.68860590
0.22337645 0.03777913 0.63537347 1.12142622 0.65974420
0.23637602 0.04136057 0.78783274 0.97735602 0.68723309
0.24310879 0.04977043 0.82249999 0.98840272 0.65248793
0.21942067 0.04840532 0.76913410 1.11328733 0.72790462
