0.29256022 0.03922299 0.59025848 1.04191899 0.93021458
0.29521424 0.05066486 0.72800130 0.95694274 0.76159096
0.30153945 0.05041376 0.72055030 0.95382088 0.97279823
0.30285084 0.06563118 0.88727480 0.88458204 0.75812006
0.30353734 0.05033019 0.70874316 1.01298416 0.94592202
0.30289590 0.05399828 0.74037755 0.95966417 0.77905220
0.26920199 0.03648559 0.59093928 1.10812509 0.71280187
0.31920496 0.05761049 0.88942301 0.81982756 0.84268212
0.28859758 0.04565302 0.61565059 1.09955847 0.85470122
0.27486843 0.03295218 0.55497229 1.12310004 0.68279380
0.31281179 0.05640759 0.84628546 0.84180188 0.92689633
0.30390522 0.04939204 0.75214642 0.90237033 0.91928095
0.29019776 0.04180821 0.62029153 1.05474412 0.80757713
0.29640648 0.04745283 0.60167742 1.08378136 0.72824568
0.28778258 0.03754661 0.58734947 1.04956841 0.79909253
0.28265047 0.05165259 0.74634242 0.99264032 0.87676430
0.29007569 0.05654985 0.82035506 0.93420720 0.75400835
0.31992403 0.06306232 0.87868041 0.83093607 0.98652291
0.30863640 0.05124245 0.67243499 0.99067152 0.93500400
0.30916423 0.05443155 0.70697182 0.96061420 0.96149844
0.31462348 0.04842439 0.66484851 0.95566815 0.91917849
0.31428370 0.04884611 0.71707565 0.93171597 0.79647774
0.30862600 0.04801230 0.67943144 0.95739776 0.79981971
0.30480215 0.04176151 0.60957974 1.00178385 0.80958807
0.31090143 0.03959851 0.59239930 0.99093419 0.82976556
0.31125224 0.05248058 0.74314755 0.93295318 0.86452144
0.32153097 0.04615363 0.69931924 0.91362965 0.95785946
0.29984227 0.04844474 0.64412403 0.98209858 0.94432724
0.30143702 0.05490015 0.79105783 0.90526366 0.81580085
0.32999793 0.04652759 0.75048649 0.85161865 0.90606886
0.31571501 0.04817180 0.73380935 0.88983130 0.96031350
0.30014548 0.05037186 0.68832844 0.98705804 0.90662551
0.30692893 0.05389534 0.68930238 0.99697900 0.78531182
0.30149469 0.03464297 0.58775127 1.00022829 0.76847231
0.29798865 0.05648038 0.79119736 0.95791352 0.74220306
0.29201606 0.04302644 0.62492526 1.03114033 0.77914500
0.26965210 0.04059391 0.58165443 1.13579786 0.95447367
0.31225893 0.05313132 0.74226153 0.91538972 0.95130622
0.31056088 0.04071027 0.68512428 0.88835424 0.89281428
0.32476813 0.04747934 0.69019520 0.89671266 0.83684707
0.29495645 0.04921700 0.65293032 1.06375051 0.88895452
0.31006795 0.04066116 0.62901121 0.97404003 0.83605230
0.30530649 0.05004026 0.76508021 0.88706124 0.88390994
0.31202057 0.03828818 0.61585617 0.95125979 0.84135729
0.32252032 0.04851381 0.76820189 0.84386772 0.81921953
0.29524368 0.05339652 0.74365962 0.98771590 0.79642540
0.29906443 0.04597538 0.66018271 0.99818891 0.84084147
0.29271448 0.04148743 0.58824664 1.06336117 0.86158037
0.31497267 0.05599859 0.74859971 0.90376961 0.85938025
0.28300455 0.04828941 0.65622652 1.04779828 0.95791626
