0.30944669 0.04644876 0.71844089 0.90119046 0.88447595
0.29925644 0.05363582 0.73168504 0.95985788 0.84140271
0.29011753 0.05064849 0.69438690 1.02796316 0.91513896
0.28115419 0.04214459 0.61024565 1.08736610 0.90338856
0.31375307 0.05373694 0.67657864 0.96731782 0.80788362
0.31762081 0.05180151 0.74715626 0.87144899 0.85976666
0.31263822 0.05241622 0.72109091 0.91662908 0.81066316
0.29329166 0.05513806 0.85165703 0.88765609 0.82762206
0.28222167 0.03867219 0.59498167 1.06703329 0.86451322
0.29107302 0.04601630 0.75818968 0.94860256 0.83027989
0.32465455 0.05838759 0.82689631 0.82931072 0.83948618
0.30712250 0.05250989 0.78063101 0.90373993 0.85593218
0.29261634 0.05500491 0.76330626 0.98411757 0.91977507
0.25486231 0.04632037 0.63635862 1.12646139 0.92303920
0.27129456 0.03300795 0.52358383 1.17048943 0.90506381
0.30692229 0.05106306 0.78158391 0.87269157 0.83231109
0.27553827 0.04031403 0.58492178 1.13258469 0.90912849
0.30458078 0.04044443 0.63030142 0.96858907 0.86958033
0.30725247 0.04368593 0.57483953 1.04487789 0.85598087
0.29759678 0.04117473 0.67260122 0.95351011 0.84266812
0.31167853 0.04459471 0.62396562 0.98682469 0.83897084
0.33374700 0.05005936 0.79027259 0.81134164 0.84421605
0.28476584 0.03640709 0.57006741 1.06675172 0.88927788
0.30477834 0.04464656 0.68546975 0.95699155 0.83192068
0.30922589 0.04663475 0.68104309 0.92162412 0.86475825
0.30528748 0.05503385 0.78323644 0.93227631 0.90506542
0.31074411 0.05404586 0.79100871 0.87151754 0.82773191
0.28998539 0.05293443 0.77947032 0.92907238 0.84597367
0.29140744 0.04204118 0.67123568 0.97633308 0.81476414
0.28694400 0.05394702 0.81081885 0.94514179 0.83991063
0.30251735 0.04998458 0.68911237 0.96507841 0.85357839
0.31725660 0.05624361 0.82663792 0.83968878 0.85584950
0.30792826 0.04819097 0.70916617 0.92382634 0.83074600
0.30847368 0.05330670 0.79001588 0.88260418 0.83791012
0.30855149 0.05960039 0.81921464 0.87432325 0.83544022
0.29623628 0.05662351 0.80241317 0.93468291 0.85454953
0.31661242 0.06101431 0.82399625 0.86766803 0.83614761
0.31216902 0.06377808 0.85487235 0.87180269 0.84079319
0.30250099 0.04536645 0.64329743 1.00843608 0.90814537
0.31042886 0.05189471 0.71466291 0.90685397 0.85118556
0.30543223 0.05224341 0.75948048 0.91231591 0.83883530
0.32780257 0.05405201 0.76183563 0.86736041 0.83251190
0.31404454 0.05607929 0.82561511 0.86031646 0.81179440
0.31642884 0.05499059 0.85475397 0.82238436 0.80635148
0.29676333 0.05299214 0.79207534 0.94327140 0.85846668
0.28307846 0.03923267 0.57886654 1.06787872 0.82115000
0.30008051 0.04490573 0.64913386 0.98317826 0.82722288
0.30129892 0.04892426 0.66170502 1.01893783 0.91775173
0.31142458 0.05928367 0.80011392 0.89193326 0.80574524
0.30712664 0.04901173 0.67973089 0.93789691 0.83280897
