0.30024874 0.03430288 0.51302189 1.04378986 0.84155279
0.31061882 0.04964745 0.69021755 0.91676825 0.81852019
0.30703506 0.04618024 0.63923937 0.95998371 0.84621805
0.29633570 0.04131735 0.56953359 1.03553474 0.84913862
0.31435883 0.06453809 0.79484075 0.89181966 0.81138176
0.32140374 0.05305738 0.72095275 0.87576586 0.86296624
0.30914351 0.04541175 0.62526095 0.96212369 0.83639127
0.28365597 0.03760909 0.53709018 1.07751226 0.83169091
0.30266917 0.03474241 0.57971448 0.98141474 0.81798267
0.30495819 0.05764398 0.82769924 0.86354107 0.83601850
0.30828995 0.04801441 0.68672907 0.91854089 0.85803849
0.30102926 0.03991754 0.56201154 1.01789439 0.81137407
0.30171090 0.05073453 0.72780240 0.91990477 0.81693310
0.29551154 0.04567247 0.63284844 0.98419297 0.85310555
0.30784065 0.04740793 0.69472736 0.91577506 0.83050221
0.28894198 0.04703934 0.64134061 1.00201166 0.84422630
0.31465933 0.05127705 0.72659004 0.88657820 0.82067692
0.29852238 0.04768366 0.67940587 0.95627481 0.85193443
0.32015523 0.05875693 0.67058396 0.95483410 0.83677888
0.30342641 0.04507126 0.57102716 1.02420461 0.86306524
0.32788354 0.03798110 0.56443238 0.95303875 0.83501494
0.29822925 0.04109256 0.58790988 1.01036847 0.83522880
0.33598128 0.05280066 0.63180470 0.93164223 0.83527172
0.30165654 0.04948639 0.63213122 0.98310757 0.84455830
0.30943647 0.04617565 0.62831920 0.96077329 0.82023865
0.30102411 0.04461666 0.64184517 0.96167302 0.82881796
0.31235218 0.04663761 0.62351030 0.96983361 0.81248814
0.30794659 0.03085800 0.54157877 1.00245726 0.81293631
0.31242684 0.05048140 0.68973541 0.92685068 0.85183948
0.30355316 0.03813025 0.52520883 1.05797720 0.82099622
0.30950919 0.04255204 0.58650470 0.99102873 0.84530354
0.29900956 0.04437657 0.64603794 0.96256834 0.83482331
0.28321350 0.03671109 0.51886272 1.08394337 0.83997649
0.30550000 0.04698001 0.66689551 0.93284297 0.84305793
0.30690330 0.04628362 0.65154427 0.94037092 0.83251727
0.30276743 0.04434616 0.66224939 0.94281709 0.86360186
0.30785468 0.05297370 0.71435755 0.92077410 0.84019029
0.28667948 0.04551212 0.61248553 1.02666688 0.84783947
0.29832301 0.04269918 0.61362255 0.98749065 0.86066079
0.30811319 0.04775732 0.64982152 0.95197493 0.83761734
0.28864241 0.03905442 0.56943816 1.03497779 0.82268405
0.30015424 0.04879275 0.69297451 0.93572855 0.81957644
0.32436338 0.05704449 0.74759823 0.87914050 0.82404745
0.29769531 0.04478202 0.58602285 1.02750421 0.82747900
0.29558009 0.03049842 0.50208795 1.06470311 0.83779299
0.30736366 0.03801069 0.58207268 0.96770024 0.86430568
0.30948800 0.03374454 0.57537603 0.97120619 0.83882862
0.30998802 0.04683630 0.60628825 0.98249823 0.84717399
0.29846224 0.03521954 0.52348912 1.05286920 0.84192967
0.31027159 0.03409753 0.57699978 0.96074754 0.84233266
0.30519038 0.04736764 0.62566912 0.98370296 0.83427912
0.31703141 0.03822190 0.58417034 0.95981705 0.84545684
0.30036640 0.03899442 0.60488927 0.97572529 0.86427349
0.30141804 0.05653315 0.78811812 0.89975405 0.84352291
0.29402262 0.04081934 0.65387797 0.94995880 0.83833075
0.28799662 0.03550023 0.53990060 1.05756211 0.84651744
0.28958920 0.03438619 0.53086096 1.05928516 0.83596283
0.32260454 0.04538627 0.64189631 0.91190779 0.85151237
0.27791119 0.03217674 0.53211159 1.06519032 0.84656948
0.30539456 0.03920441 0.56088907 0.99570823 0.85501176
0.30465522 0.04047672 0.60042262 0.98606825 0.83486331
0.28338429 0.03199128 0.52056932 1.07428908 0.84363931
0.33754191 0.05214017 0.69380122 0.87302279 0.83131838
0.30792847 0.04507969 0.62169826 0.97139263 0.86288339
0.30861002 0.05699886 0.76865751 0.90139771 0.83602113
0.29801977 0.03301346 0.51270801 1.06058288 0.83303595
0.32605606 0.04885590 0.67051029 0.90848351 0.83640391
0.30951509 0.04239287 0.59245074 0.99007398 0.84379280
0.31279308 0.05251947 0.75536454 0.88868165 0.83721685
0.30233535 0.04593476 0.68600070 0.91891307 0.82965463
0.30821422 0.05564471 0.80074084 0.86521637 0.84707344
0.31964922 0.05159385 0.71765208 0.88175213 0.80287480
0.31069264 0.04820392 0.70377594 0.89593166 0.83101052
0.33433968 0.05265636 0.70897216 0.85964620 0.83286375
0.31771913 0.05712880 0.71173584 0.90505743 0.80972058
0.31114739 0.05840534 0.84183067 0.84382498 0.82809287
0.29923102 0.03585805 0.60062385 0.97198766 0.83944911
0.30227178 0.03579514 0.55841756 1.00009549 0.85971636
0.30168083 0.03723722 0.52869856 1.05263722 0.82951683
0.30927411 0.04355593 0.58783519 0.99828821 0.85884857
0.28962103 0.03449219 0.53096521 1.04771662 0.85998774
0.30767184 0.04148509 0.59546316 0.98291576 0.83666450
0.30126530 0.04207917 0.57010251 1.02353346 0.83205628
0.31307516 0.04291303 0.56352580 0.99932259 0.83915675
0.29656559 0.03963102 0.59450549 1.00141835 0.82278585
0.31096369 0.03689724 0.62026256 0.94886899 0.84031045
0.28216273 0.03429626 0.56413049 1.04062760 0.85051066
0.28348243 0.04182494 0.58980799 1.03020239 0.82362688
0.30200231 0.05274931 0.71355706 0.94215941 0.82768214
0.29262865 0.04407135 0.63275653 0.99676675 0.83137274
0.29387087 0.03504945 0.50449789 1.06348252 0.82862151
0.33190072 0.04905571 0.62109393 0.93435532 0.83438051
0.31046736 0.03721814 0.55437005 0.99541938 0.85982883
0.31686747 0.04547817 0.55346060 1.00999320 0.84124869
0.30987698 0.05770916 0.72369319 0.92653745 0.87042278
0.30805629 0.03355516 0.52750659 1.02002680 0.81286055
0.30816424 0.03710376 0.52663553 1.03047836 0.83874720
0.29827967 0.03454783 0.53028280 1.02605784 0.82816005
0.29885328 0.03097942 0.51122814 1.04191053 0.82146275
0.25686604 0.03110412 0.52366090 1.13276446 0.86905444
