0.29695371 0.03589649 0.56856388 1.00319290 0.85812730
0.30527550 0.05030470 0.65646285 0.96243531 0.83118582
0.30506852 0.04733514 0.63763994 0.97003216 0.85731435
0.30980992 0.04622222 0.54383743 1.04019523 0.81193906
0.31693029 0.04803308 0.63311243 0.94866955 0.86829436
0.30650666 0.04434085 0.61797214 0.97264111 0.84926772
0.28313282 0.03498963 0.53375340 1.07437205 0.83468872
0.30530733 0.05357676 0.77287167 0.89348257 0.83946890
0.33044308 0.05373951 0.67355537 0.91082948 0.82843846
0.28763109 0.03163138 0.56489396 1.01750100 0.84452599
0.30494592 0.04816445 0.63414276 0.96571994 0.86256635
0.29279000 0.04197389 0.61089975 0.99293083 0.85797322
0.29197446 0.03541952 0.55385780 1.02522755 0.85165578
0.29666495 0.03336128 0.50423312 1.07586050 0.83372688
0.29972354 0.03238504 0.50824726 1.04455352 0.83490139
0.28216997 0.03570319 0.55215669 1.04410315 0.86326671
0.29057369 0.03085197 0.50503308 1.06000638 0.86421156
0.32775536 0.04835567 0.66717756 0.90108520 0.85408187
0.31178322 0.03785823 0.54552025 1.01493216 0.82842338
0.31750810 0.03947153 0.55813777 0.99049699 0.83717823
0.31629562 0.03569663 0.54418314 0.99357325 0.83462733
0.29306611 0.03245260 0.50280839 1.09257281 0.80871856
0.30635735 0.03491554 0.54557049 1.00970376 0.81247139
0.30203766 0.03889864 0.56786156 1.01506376 0.83051395
0.31949171 0.03411169 0.54109663 0.98010349 0.82731718
0.28789011 0.03961077 0.57037950 1.04142380 0.83608592
0.30413392 0.03966781 0.61146396 0.97293311 0.85450983
0.28804439 0.03098817 0.50558305 1.06969595 0.82221985
0.28222424 0.04011631 0.56775308 1.05333722 0.85895258
0.28962639 0.03395872 0.50461113 1.09495652 0.81830931
0.28929722 0.03425850 0.51154959 1.07994854 0.82106197
0.28313321 0.03587658 0.54733479 1.05652416 0.84755033
0.30362290 0.03907031 0.54595441 1.02423263 0.80006230
0.32425150 0.04464690 0.67423797 0.89874476 0.80753529
0.27860451 0.03271838 0.51572406 1.10350215 0.80963004
0.31456128 0.03699540 0.56800908 0.97564697 0.82795727
0.26617721 0.03031741 0.50329983 1.11944425 0.83724022
0.31014070 0.03598470 0.59201956 0.96319848 0.84015888
0.30274612 0.04709305 0.69052446 0.94083464 0.82916683
0.32114226 0.03384600 0.52403569 0.99674129 0.81199342
0.32236865 0.03327472 0.50740576 1.03113091 0.81974262
0.31625304 0.03372719 0.55545187 0.97040975 0.83482414
0.31165904 0.04171447 0.61308020 0.95268518 0.84818590
0.30735418 0.04034712 0.56036556 1.00426579 0.83006030
0.30529523 0.03266851 0.57111126 0.97455472 0.80795866
0.28646821 0.03259509 0.50976753 1.08050740 0.82620782
0.30887204 0.03377465 0.51741576 1.02708960 0.83253902
0.29651126 0.04014044 0.56356347 1.02954459 0.85349339
0.29671255 0.03586242 0.54693246 1.01942790 0.84812343
0.29418582 0.03256523 0.53225845 1.05471361 0.82242000
